56 9 
56 9 
56 9 
56 9 
56 9 
56 9 
9 56 
56 30 9 
9 56 
9 56 
56 9 
9 56 
9 56 
9 56 
9 56 
9 56 
9 56 
9 56 
9 56 
504 56 
27 16 
27 16 
27 16 
27 16 
27 16 
432 16 
27 16 
27 16 
27 16 
27 16 
432 16 
27 16 
27 16 9 
432 16 2 
27 16 9 
27 16 4 
27 16 
41 44 57 
41 44 57 
57 41 44 
41 44 57 
57 41 44 
41 44 57 
57 41 44 
41 44 57 
57 41 44 
41 44 57 
57 41 44 
41 44 57 
57 41 44 
41 44 57 
57 41 44 
41 44 57 
57 41 44 
25000 1500 8 
1500 13000 8 
25000 1500 8 
25000 1500 8 
25000 1500 8 
25000 1500 8 
25000 1500 8 
25000 1500 8 
25000 1500 8 
25000 1500 8 
25000 1500 8 
25000 1500 8 
25000 1500 8 
25000 1500 8 
25000 1500 8 
25000 1500 8 
8 25000 1500 
34 49 
34 49 
34 49 
34 49 
34 49 
34 49 
49 34 
49 34 
34 49 
34 12 49 36 
34 3 49 
34 200 49 5 
34 2 49 10 
34 49 
49 34 
34 49 
83 34 
3 4 5 
3 4 5 
3 4 5 
3 4 5 
3 4 5 
3 4 5 
5, 3 4 
3 4 5 
3 4 5 
5 3 4 
3 4 5 
3 17.5 4 5 72 
3 4 5 5 3 
3 107 4 5 2 35 
3 47 4 5 105 
3 12 4 5 3 
7 3 4 
70 3 2.5 
70 3%. 2.5 
70 3%. 2.5 
70 3%. 2.5 
70 3%. 2.5 
70 3%. 2.5 
2.5 70 3%? 
70 3%, 2.5 
70 3%. 2.5 
2.5 70 3%? 
70 3%. 2.5 
5.25 3% 2.5 
3% 5.25 2.5 
5.25 3% 2.5 
2.5 70 3%? 
70 3% 2.5 
5.25 3% 2.5 
63 7 13 
63 7 13 
63 7 13 
63 7 13 
63 7 13 
63 7 13 
63 7 13 
63 7 13 
63 7 13 
63 7 13 
63 7 13 5 
63 7 13 5 
63 7 13 
63 7 13 5 3 8 
63 7 13 
63 7 13 
70 7 13 
15 8 9 
15 8. 9 
15 8. 9 
15 8. 9 
15 8. 9 
15 8. 9 
15 8, 9 
15 8. 9 
15 8. 9 
15 8. 9 
15 8. 9 
15 8. 9 
15 9 63 
15 9 63 
9 15 63 
9 15 63 
15 63 9 
4 1 504 
4 1 504 
4 1 504 
4 1 504 
4 1 504 
4 1 504 
1 4 504 
1 4 504 
1 4. 504 
4 504 
1 4 504 
4 1 15 504 
4 1 2 504 
4 1 6 504 
4 1 1 504 
4 1 1 504 
2016 4 1 
12 72 
12 72 
12 72 
12 72 
12 72 
12 72 
12 72 
12 72 
72 12 
72 12 
12 72 
12 40 72 
12 3 72 
12 $1200. 72 
12 $300 72 
12 $50 72 
72 600 
3 5 5 
3 5 5 
3 5 5 
3 5 5 
3 5 5 
3 5 5 
5 3 5 
5 3. 5 
3 5 5 
5 3 5 
5 3 5 
3 5 5 7 
3 5 5 8 
3 5 5 2 
3 5 5 1 
3 5 5 1.5 
10 5 5 
7 3 2 
7 3 2 
7 3 2 
7 3 2 
7 3 2 
7 3 2 
7 3 2 
7 3 2 
7 3 2 
7 3 2 
2 7 3 
7 3 2 10 
7 3 2 5 
7 3 2 9 
7 3 2 4 
7 3 2 6 
5 7 3 
w8 50 36 60 
50 36 60 
50 36 60 
50 36 60 
50 36 60 
50 36 60 
60 50 36 
50 36 60 
50 36 60 
50 36 60 
50 36 60 
50 36 12 60 
50 36 28 60 
50 36 32 60 
50 36 1.8 60 
50 36 9. 60 
60 43.2 50 
24 39 4 
24 39. 4 
24 39. 4 
24 39. 4 
24 39. 4 
24 39. 4 
4 24 39, 
4 24 39. 
24 39, 4. 
24 39. 4 
24 39, 4 
24 39, 15 4 1/6 
24 39, 3 4 1/10 
24 39, 4 
24 39, 4 
24 39, 4 
24 4 59 
4 5 29 
4 5 29 
4 5 29 
4 5 29 
4 5 29 
4 5 29 
5 4 29 
4 5 29 
4 5 29 
5 4 29 
4 5 29 
4 5 29 17 
4 5 29 27 
4 5 29 12 
4 5 29 8. 
4 5 29 25th 
5 29 5 
6 5 7 3 13 
6 5, 7 3 13. 
6 5, 7 3 13. 
6 5, 7 3 13. 
6 5, 7 3 13. 
6 5, 7 3 13. 
6 5 7 3 13? 
6 5 7 3 13. 
6 5 7 3 13, 
6 5 7 3 13 
5 6 7 3 13? 
6 5 7 3 13? 
6 5, 7 3 13. 
6 5, 7 3 13. 
6 5, 7 3 13. 
6 5 7 3 13? 
6 5 7 3 13. 
9 8 18 
9 8 18 
9 8 18 
9 8 18 
9 8 18 
9 8 18 
8 18 9 
9 18 8 
9, 8 18 
9 8 18 
9 8 18 
9 8 18 20 
9 8 18 5 
9 8 18 10 
9 8 18 3 
9 8 18 2 
17 8 18 
7 4 20 3 
7 4 20 3 
7 4 20 3 
7 4 20 3 
7 4 20 3 
7 4 20 3 
7 4, 20 3 
7 4, 20 3 
4 7 20 3 
4 7 20 3 
7 4 20 3 
7 4 20 3 
7 4 20 3 
7 4 20 3 
7 4 20 3 
7 4, 20 3 
7 4 20 3 
126 81 
126 81 
126 81 
126 81 
126 81 
126 81 
126 81 
126, 81 
126 81 
81 126 
126 81 
126 81 72 
126 81 3:15pm. 
126 81 2.3 
126 81 8 
126 81 $15.99. 
45 126 
7 55 
7 55 
7 55 
7 55 
7 55 
7 55 
7 55 
55 7 
7 55 
55 7 
55 7 
7 55 72 
7 55 3:15pm. 
7 55 2.3 
7 55 8 
7 55 $15.99. 
7 62 
19 11 2 
$19 $11 $2 
$19 $11 $2 
$19 $11 $2 
$19 $11 $2 
$19 $11 $2 
$19 $11 $2 
$19 $11 $2 
$11 $19 $2 
$19 $11. $2 
$19 $11 $2 
$19 $11 81 $2 
$19 $11 7 $2 
$19 $11 55 $2 
$19 $11 $5 $2 
$19 $11 $9. $2 
$11 4 $2 
0.8 0.1 
0.8 0.1 
0.8 0.1 
0.8 0.1 
0.8 0.1 
0.8 0.1 
0.8 0.1 
0.8 0.1 0.8 
0.8 0.1 0.8 
0.8 0.1 0.8 
0.8 0.1 
0.8 0.1 7 
0.8 0.1 55 
0.8 0.1 $5 
0.8 0.1 81 
0.8 0.1 0.5 
0.8 0.7 
1 2 65 0.40 0.60 2 
1 2 $65 $0.40 $0.60 2 
1 2 $65 $0.40 $0.60 2 
1 2 $65 $0.40 $0.60 2 
1 2 $65 $0.40 $0.60 2 
1 2 $65 $0.40 $0.60 2 
$65 $0.40 $0.60 
$65 $0.40 $0.60 
$65 $0.40 $0.60 
$65 $0.40. $0.60 
$65 $0.40 $0.60 
1 2 $65 $0.40 $0.60 35 2 
1 2 $65 $0.40 $0.60 $100 2 
1 2 $65 $0.40 $0.60 2 
1 2 $65 $0.40 $0.60 4 2 
$65 $0.40 $0.60 
$65 $0.40 $0.60 
232 101 
232 101 
232 101 
232 101 
232 101 
232 101 
232 101 
232 101 
232 101 
101 232 
101 232 
232 101 
232 101 
232 101 
232 101 
232 101 
131 101 
4 10 6 
4 10 6 
4 10 6 
4 10 6 
4 10 6 
4 10 6 
4 10 6 
4 10 6 
4 10 6 
4 10 6 
4 10 6 
4 6 7 
4 6 2 
4 6 8 
4 6 12 
4 6 3 
46 10 6 
45 6 20 
45 6 20 
45 6 20 
45 6 20 
45 6 20 
45 6 20 
45 6 20 
45 6 20 
45 6 20 
45 6 20 
45 6 20 
45 6 20 8 
45 6 20 3 
45 6 20 5 
45 6 20 9 
45 6 20 2 
59 6 20 
17.99 0.18 18.95 0.16 
$17.99 $0.18 $18.95 $0.16 
$17.99 $0.18 $18.95 $0.16 
$17.99 $0.18 $18.95 $0.16 
$17.99 $0.18 $18.95 $0.16 
$17.99 $0.18 $18.95 $0.16 
$17.99 $0.18 $18.95 $0.16 
$17.99 $0.18 $18.95 $0.16 
$17.99 $0.18 $18.95 $0.16 
$17.99 $0.18 $18.95 $0.16 
$17.99 $0.18 $18.95 $0.16 
$17.99 $0.18 $18.95 $0.16 3 
$17.99 $0.18 $18.95 $0.16 5 
$17.99 $0.18 $18.95 $0.16 7 
$17.99 $0.18 $18.95 $0.16 10 
$17.99 $0.18 $18.95 $0.16 14 
$17.99 $0.18 $18.95 $0.16 
18 12 3 
18 6 3 
18 12 3 
18 12 3 
18 12 3 
18 12 3 
18 12 3 
18 12 3 
18 12 3 
3 18 12 
18 12 3 
18 12 3 85 
18 12 3 $10,000, 
18 12 3 10 
18 12 3 20th 
18 12 3 
2 18 12 
6522 5165 
6522 5165 
6522 5165 
6522 5165 
6522 5165 
6522 5165 
6522 5165 
6522 5165 
6522 5165 
6522 5165 
6522 5165 
6522 5165 
6522 5165 
6522 5165 5 
6522 5165 $50,000 
6522 5165 
5165 11,687 
11 25 
11 25 
11 25 
11 25 
11 25 
11 25 
25 11 
11 25 
25 11 
11 25 
11 25 
11 25 6 
11 25 17 
11 25 29 
11 25 47 
11 25 73 
11 6875 
41 31 87 
41 31 87 
41 31 87 
41 31 87 
41 31 87 
41 31 87 
41 31 87 
41 31 87 
41 31 87 
41 31 87 
41 31 87 
41 31 14 87 
41 31 5 87 
41 31 27 87 
41 31 43 87 
41 31 69 87 
41 31 46 
0.16666666666666666 0.16666666666666666 0.5 
0.16666666666666666 0.16666666666666666 0.5 
0.16666666666666666 0.16666666666666666 0.5 
0.16666666666666666 0.16666666666666666 0.5 
0.16666666666666666 0.16666666666666666 0.5 
0.16666666666666666 0.16666666666666666 0.5 
0.16666666666666666 0.16666666666666666 0.5 
0.16666666666666666 0.16666666666666666 0.5 
0.16666666666666666 0.16666666666666666 0.5 
0.16666666666666666 0.16666666666666666 0.5 
0.16666666666666666 0.16666666666666666 0.5 
0.16666666666666666 0.16666666666666666 0.5 20 
0.16666666666666666 0.16666666666666666 0.5 7th 
0.16666666666666666 0.16666666666666666 0.5 500 
0.16666666666666666 0.16666666666666666 0.5 10 
0.16666666666666666 0.16666666666666666 0.5 
0.8333333333333334 0.16666666666666666 0.16666666666666666 
35 30 27 
35 30 27 
35 30 27 
35 30 27 
35 30 27 
35 30 27 
35 30 27 
35 30 27 
35 27 30 
35 30 27 
35 30 27 
35 30 27 12 
35 30 27 7 
35 30 27 29 
35 30 27 47 
35 30 27 73 
30 8 27 
1209 2186 
1209 2186 
1209 2186 
1209 2186 
1209 2186 
1209 2186 
1209 2186 
1209 2186 
1209 2186 
1209 2186 

1209 2186 
3395 2186 
3395 2186 
3395 2186 
3395 2186 
3395 2186 
8 9 7 
8 9 7 
8 9 7 
8 9 7 
8 9 7 
8 9 7 
8 9 7 
8 9 7 
8 9 7 
8 16 9 7 
8 16 9 7 
8 9 7 5 
8 9 7 7 
8 9 7 
2 9 7 
2 16 9 7 
2 9 7 
30 4 
30 4 
30 4 
30 4 
30 4 
30 4 
30 4 
30 4 
30 4 
4 30 
4 30 
30 15 4 
30 3 4 
30 8 4 
30 2 4 
30 10 4 
120 30 
90171 16320 
90171 16320 
90171 16320 
90171 16320 
90171 16320 
90171 16320 
90171, 16320. 
90171 16320 
90171 16320 
90171 16320 
90171, 16320. 
90171 16320 10 
90171 16320 $500 
90171 16320 500,000 
90171 16320 
90171 16320 
106491. 90171 
20 4 
20 4 
20 4 
20 4 
20 4 
20 4 
4 20 
20 4 
4 20 
4 20 
20 4 
20 4 10 
20 4 80 
20 4 8.5. 
20 4 6 
20 4 16 
5 4 
42 36 2 
42 36 2 
42 36 2 
42 36 2 
42 36 2 
42 36 2 
36 2 42 
42 36 2 
42 36 2 
2 36 42 
42 36 2 
$50 42 36 2 
300 42 36 2 
42 36 2 
8 42 36 2 
75 42 36 2 
36 2 3 
0.81 0.35 
0.81 0.35 
0.81 0.35 
0.81 0.35 
0.81 0.35 
0.81 0.35 
0.81 0.35 
0.81 0.35 
0.81 0.35 
0.81 0.35 
0.81 0.35 
75 0.81 0.35 
50 0.81 0.35 
$2.50 0.81 0.35 
55 0.81 0.35 
3:00 0.81 0.35 
0.46 0.81 
13 9 10 3 
$13 9 10 3 
$13 9 10 3 
$13 9 10 3 
$13 9 10 3 
$13 9 10 3 
$13 9 10 3 
9 10 3 $13 
9 $13 10 $13 3 $13 
9 $13 10 $13 3 $13 
$13 9 10 3 
8 $13 9 10 3 
3 $13 9 10 3 
4 $13 9 10 3 
$13 9 10 3 
25 $13 9 10 3 
10 3 $286 $13 
12 2 21 
12 2 21 
12 2 21 
12 2 21 
12 2 21 
12 2 21 
12 2 21 
12 2 21 
12 2. 21 
12 2 21 
12 2. 21 
3 12 2 21 
10 12 2 21 
5 12 2 21 
7 12 2 21 
16GB 12 2 21 
31 2 12 
367 860 
367 860 
367 860 
367 860 
367 860 
367 860 
367 860 
367 860 
367 860. 
367 860. 
367 860. 
367 860 
45 367 860 
3 367 860 
367 860 
367 860 
493 860 
7.75 7 
7.75 7 
7.75 7 
7.75 7 
7.75 7 
7.75 7 
7.75 7 
7.75 7 
7.75 7 
7.75 7 
7.75 7 
7.75 2 7 
7.75 5'6". 7 
7.75 8. 7 
7.75 16GB 7 
7.75 10 7 
7.75 14.75 
5 5 5 
5 5 5 
5 5 5 
5 5 5 
5 5 5 
5 5 5 
5 5 5 
5 5 5 
5 5 5 
5 5 5 
5 5 5 
5 5 5 
6 5 5 5 
10 5 5 5 
32GB 5 5 5 
15 5 5 5 
5 50 5 
3 11 16 
3 11 16 
3 11 16 
3 11 16 
3 11 16 
3 11 16 
3 11 16 
3 11 16 
11 16 3 
11 16 3 
3 11 16 
3 11 16 5 
3 11 16 10 
3 11 16 5'6", 
3 11 16 8, 
3 11 16 16GB 
11 16 9 
34 86 
34 86 
34 86 
34 86 
34 86 
34 86 
34 86 
34 86 
34 86 
34 86 
34 86 
34 52 
52 34 
34 52 
34 52 
52 34 
34 52 
25.00 96 
$25.00. 96 
$25.00 96 
$25.00 96 
96 $25.00 
$25.00 96 
$25.00 96 
96 $25.00 
$25.00. 96 
96 $25.00 
96 $25.00 
$25.00 96 3 
$25.00 96 5 
$25.00 96 7 
$25.00 96 2 
$25.00 96 8 
200 $25.00 
6 5 5 
6 5 5 
6 5 5 
6 5 5 
6 5 5 
6 5 5 
6 5 5 
6 5 5 
6 5 5 
6 5 5 
6 5 5 
6 5 5 32 
6 5 5 2 
6 5 5 3 238,855 
6 5 5 200 
6 5 5 12 
60 5 5 
1 
1 
1 
1 
1 
1 
1 
1 
1 
1 
1 
1 
1 5 
1 8:23 
1 
1 72 
12 
21 12 3 
21 12 3 
21 12 3 
21 12 3 
21 12 3 
21 12 3 
21 12 3 
21 12 3 
21 12 3 
21 12 3 
12 21 3 
21 7 12 3 
21 3 12 3 
21 $100 12 3 
21 5 12 3 
3 3 12 
3 3 12 
16 54 
16 54 
16 54 
16 54 
16 54 
16 54 
16 54 
16 54 
16 54 
16 54 
16 54 
16 $0.50 54 
16 3 54 
16 1.5 54 
16 5 54 
16 1 54 
38 54 
69 24 5 
69 24 5 
69 24 5 
69 24 5 
69 24 5 
69 24 5 
24 5 69 
69 24 5 
69 24 5 
24 69 5 
69 24 5 
69 24 12 5 
69 24 3 5 
69 24 18 5 
69 24 36 5 
69 24 108 5 
69 9 5 
4 5 3 
4 5 3 
4 5 3 
4 5 3 
4 5 3 
4 5 3 
5 3 4 
4 5 3 
5 3 4 
5 3 4 
5 3 4 
4 5 20 3 12 
4 5 20 3 12 
4 5 100 3 60 
4 5 100 3 60 
4 5 20 3 12 
32 3 4 
4 11 5 
4 11 5 
4 11 5 
4 11 5 
4 11 5 
4 11 5 
11 4 5 
4 11 5 
4 11 5 
11 4 5 
11 4 5 
4 20 11 $11.00, 5 
4 6 11 5 
4 10 11 5 
4 3 11 5 
3 5 4 
4 3 5 
27 4 
27 4. 
27 4. 
27 4. 
27 4. 
27 4. 
27 4. 
27 4. 
27 4. 
27 4. 
27 4. 
4 31 
4 31 
31 4 
31 4 
31 4 
31 4 
0.16666666666666666 0.16666666666666666 0.08333333333333333 
0.16666666666666666 0.16666666666666666 0.08333333333333333 
0.16666666666666666 0.16666666666666666 0.08333333333333333 
0.16666666666666666 0.16666666666666666 0.08333333333333333 
0.16666666666666666 0.16666666666666666 0.08333333333333333 
0.16666666666666666 0.16666666666666666 0.08333333333333333 
0.16666666666666666 0.16666666666666666 0.08333333333333333 
0.16666666666666666 0.16666666666666666 0.08333333333333333 
0.16666666666666666 0.16666666666666666 0.08333333333333333 
0.16666666666666666 0.16666666666666666 0.08333333333333333 
0.16666666666666666 0.16666666666666666 0.08333333333333333 
0.16666666666666666 12 0.16666666666666666 20 0.08333333333333333 8 
0.16666666666666666 2 0.16666666666666666 3 0.08333333333333333 1 
0.16666666666666666 16 0.16666666666666666 24 0.08333333333333333 12 
0.16666666666666666 0.16666666666666666 0.08333333333333333 10 
0.16666666666666666 0.16666666666666666 0.08333333333333333 6 
0.4166666666666667 0.16666666666666666 0.08333333333333333 
39 2 
39 2 
39 2 
39 2 
39 2 
39 2 
2 39 
39 2 
39 2 
2 39 
39 2 
39 2 6 
39 2 8 
39 2 9. 
39 2 3 
39 2 
2 37 
78 30 8 
78 30 8 
78 30 8 
78 30 8 
78 30 8 
78 30 8 
78 30 8 
78 30 8 
78 30 8 
78 30 8 
78 30 8 
78 30 8 10 
78 30 8 7. 
78 30 8 50 
78 30 8 
78 30 8 
30 6 8 
115 100 
115 100 
115 100 
115 100 
115 100 
115 100 
115 100 
115 100 
115 100 
100 115 
100 115 
115 100 7. 
115 100 6. 
115 100 5. 
115 100 26. 
115 100 3. 
100 215 
2 13 3 
2 13 3 
2 13 3 
2 13 3 
2 13 3 
2 13 3 
3 2 13 
2 13 3 
3 2 13 
3 2 13 
2 13 3 
2 13 3 $5 
2 13 3 6 
2 13 3 12 
2 13 3 120 
2 13 3 9, 
5 3 13 
2041 63093 
2041 63093 
2041 63093 
2041 63093 
2041 63093 
2041 63093 
2041 63093 
2041 63093 
2041 63093 
2041 63093. 
2041 63093 
2041 63093 $1,000,000 
2041 63093 $100,000,000. 
2041 63093 20th 
2041 63093 100,000 
2041 63093 45 
65134 2041 
42 3 
42 3 
42 3 
42 3 
42 3 
42 3 
42 3 
42 3 
42 3 
3 42 
3 42 
42 12 3 
42 3 
42 3 
42 1st. 3 
42 3 
14 3 
7 5 
7 5 
7 5 
7 5 
7 5 
7 5 
7 5 
7 5 
7 5. 
7 5. 

7 5 3 
7 5 8 
7 5 2 
7 5 9 
7 5 6 
2 5 
8.9 2.3 
8.9 2.3 
8.9 2.3 
8.9 2.3 
8.9 2.3 
8.9 2.3 
8.9 2.3 
8.9 2.3 
2.3 8.9 
8.9 2.3 
2.3 8.9 
8.9 2.3 20 
8.9 2.3 5 
8.9 2.3 3 
8.9 2.3 7 
8.9 2.3 9 
6.6 2.3 
48 1 442 1.5 40 
48 1 442 1.5 40. 
48 1 442 1.5 40. 
48 1 442 1.5 40. 
48 1 442 1.5 40. 
48 1 442 1.5 40. 
442 48 1 40, 1.5 
48 1 442 40, 1.5. 
1 48 442 40 1.5 
1.5 40. 1 48 442 
442 48 1 40, 1.5 
48 1 442 1.5 40, 5 
48 1 442 1.5 40, 8 
48 1 442 1.5 40, 9 
48 1 442 1.5 40, 12 
48 1 442 1.5 40, 7 
$8.5 48 1 442 40? 
10 5 3 
10 5 $3 
10 5 $3 
10 5 $3 
10 5 $3 
10 5 $3 
10 5 $3 
10 5 $3 
10 5 $3 
10 5 $3 
10 $3 5 
10 5 $3 2 
10 5 $3 7 
10 5 $3 9 
10 5 $3 12 
10 5 $3 15 
$15 $3 10 
60 40 40 1.5 
60 40 40 1.5 
60 40 40 1.5 
60 40 40 1.5 
60 40 40 1.5 
60 40 40 1.5 
60 40 40 1.5 
40 40 1.5 60 
60 40 40 1.5 
60 40 40 1.5 
60 40 40 1.5 
60 40 40 1.5 2 
60 40 40 1.5 7 
60 40 40 1.5 12 
20 60 40 40 
40 40 20 60 
40 40 60 20 
532 750 
532 750 
532 750 
532 750 
532 750 
532 750 
750 532 
532 750 
532 750 
532 750 
532 750 
532 750 2 
532 750 5 
532 750 10 
532 750 15 
532 750 20 
218 750 
17 5 3 
17 5 3 
17 5 3 
17 5 3 
17 5 3 
17 5 3 
5 17 3 
17 5 3 
17 5 3 
17 5 3 
17 5 3 
17 7 5 3 
17 100 5 3 
17 5 5 3 
17 9 5 3 
17 4 5 3 
4 5 3 
2475 6206 
2475 6206 
2475 6206 
2475 6206 
2475 6206 
2475 6206 
6206 2475 
2475 6206 
6206 2475 
6206 2475 
6206 2475 
6206 2475 365 
2475 6206 93 
6206 2475 52 
6206 2475 12 
6206 2475 24 
3731 6206 
80 10 
80 10 
80 10 
80 10 
80 10 
80 10 
80 10 
10 80 
80 10 
80 10 
10 80 
80 10 60 
80 10 52 
80 10 12 
80 10 365 
80 10 24 
8 10 
88 34 6 
88 34 6 
88 34 6 
88 34 6 
88 34 6 
88 34 6 
88 34 6 
34 88 6 
88 6 34 
34 88 6 
88 6 34 
88 34 6 12 
34 88 6 7 
88 52 6 34 
34 88 365 6 
88 60 6 34 
9 6 34 
12 5 3 
12 5 3 
12 5 3 
12 5 3 
12 5 3 
12 5 3 
12 5 3 
5 12 3 
3 5 
12 3 5 
12 5 3 
12 5 3 365 
12 5 3 12 
12 5 3 52 
12 5 3 7 
12 5 3 60 
12 3 21 
6 4 4 
6 4 4 
6 4 4 
6 4 4 
6 4 4 
6 4 4 
6 4 4 
4 6 4 
4 6 
4 6 
6 4 
6 4 4 7 5 
6 4 4 12 2 
6 4 4 52 0.5 
6 4 4 365 7 
6 4 4 60 
2 4 6? 
64 36 4 
64 36 4 
64 36 4 
64 36 4 
64 36 4 
64 36 4 
64 36 4 
36 64 4 
64 4 36 
36 64 4 
64 4 36 
64 4 7 20 
64 4 7 
64 4 7 
64 4 7 
64 4 7 
64 4 7 
3 8 
3 $8 
3 $8 
3 $8 
3 $8 
3 $8 
3 $8, 
3 $8 
3 $8 
3 $8 
$8, 3 
3 $8 $5, 
3 $8 2 $2 
3 $8 $20 
3 $8 $3, 
3 $8 3 
$24 
43 32 2 
43 32 2 
43 32 2 
43 32 2 
43 32 2 
43 32 2 
2 43 32 
43 32 2 
43 32 2 
43 32 2 
43 32 2 
43 32 2 15 
43 32 2 $100, 
43 32 2 500 
43 32 2 7am 3pm, 
43 32 2 10 
73 43 32 
84.00 12 
$84.00, 12% 
$84.00, 12% 
$84.00, 12% 
$84.00, 12% 
$84.00, 12% 
$84.00 12% 
$84.00 12% 
$84.00, 12% 
12% $84.00 
$84.00, 12% 
$84.00, 12% $5.00 
$84.00, 12% 
$84.00, 12% $10.00 
$84.00, 12% 2-year 
$84.00, 12% 30-day 
$84.00, $75.00? 
39 4 26 
39 4 26 
39 4 26 
39 4 26 
39 4 26 
39 4 26 
26 39 4 
39 4 26 
26 39 4 
26 39 4 
39 4 26 
39 4 26 15 
39 4 26 $5000 
39 4 26 1200 
39 4 26 50 30 
39 4 26 3 10 
39 4 17 
2 4 34 
2 4 34, 
2 4 34, 
2 4 34. 
2 4 34, 
2 4 34. 
2 4 34? 
2 4 34, 
2 4 34. 
2 4 34, 
2 4 34. 
2 4 34. 
2 4 34. 
4 34. 
2 4 34. 
2 4 34. 
4 13 34, 
9.00 4 
$9.00. 4 
$9.00. 4 
$9.00. 4 
$9.00 4 
$9.00. 4 
4 $9.00 
$9.00, 4 
$9.00. 4 
4 $9.00. 
$9.00. 
4 $9.00, 
4 $9.00, 
4 $9.00 
4 $9.00 
$9.00, 4, 
4 $36.00, 
12 1472 
$12. $1472 
$12. $1472 
$12. $1472 
$12. $1472 
$12. $1472 
$12 $1472? 
$1472 $12? 
$12, $1472? 
$12 $1472 
$12 $1472? 
$12, $5,000. $1472 
$12 $100 $1472 
$12 $500. $1472 
$12, $200. $1472 
$12, $50. $1472 
$1460. $12? 
312 146 
312 146 
312 146 
312 146 
312 146 
312 146 
312 146 
312 146 
312 146 
312 146 
312 146 
312 146 1000 
312 146 15 
312 146 5 
312 146 
312 146 
312 45552 
9 2 6 
9 2 6 
9 2 6 
9 2 6 
9 2 6 
9 2 6 
9 2 6 
9 2 6 
9 2 6 
9 2 6 
9 2 6 
9 15 2 6 
9 100 2 6 
9 8 2 6 
9 20 30 2 6 
9 500 2 6 
72 2 6 
99 2 
99 2 
99 2 
99 2 
99 2 
99 2 
99 
99 
99 
99 
99 
99 $2. 2 
99 $5 2 
99 1 2 
99 3 2 
99 95 2 
$1.98, 99 
6 3 
6 3 
6 3 
6 3 
6 3 
6 3 
3 6 
6 3 
3 6. 
6 3 
6 3 
6 72 3 
6 3:00 3 
6 8. 3 
6 5 2 3 
6 12 3 
6 18 
25 5 
25 5 
25 5 
25 5 
25 5 
25 5 
25 5 
25 5 
5 25 
25 5 
25 5 
25 5 15 
25 5 90 
25 5 12 
25 5 21 
25 5 26 
5 25 
5 9 
5 9 
5 9 
5 9 
5 9 
5 9. 
9 5 
9 5 
9, 5 
5 9. 
9 5 
5 3 9 
5 9 
5 4 6 9 
5 7 9 
5 15 9 
45 5 
12 8 
12 8 
12 8 
12 8 
12 8 
12 8 
12 8 
12 8 
12 8 
12 8 
12 8 
12 8 3 
12 8 10 
12 8 6 
12 8 
12 8 
96 12 
96 8 
96 8 
96 8 
96 8 
96 8 
96 8 
96 8 
8 96 
96, 8 
8 96 
96 8 
96 8 72 
96 8 4. 
96 8 5 
96 8 6 
96 8 80 
12 96 
7 4 
7 4 
7 4 
7 4 
7 4 
7 4 
7 4 
7 4 
7 4 
7 4 
7 4 
7 4 72 
7 4 4. 
7 4 5 
7 4 6 
7 4 80 
28 7 
420 7 
420 7 
420 7 
420 7 
420 7 
420 7 
420 7 
420 7 
420 7 
420 7 
420 7. 
420 7 72 
420 7 4, 
420 7 5 
420 7 6 
420 7 80 
60 420 
2 10 24 
2 10 24 
2 10 24 
2 10 24 
2 10 24 
2 10 24 
2 10 24 
2 10 24 
24 2 10 
10 2 24 
24 2 10 
2 10 24 72 
2 10 24 4. 
2 10 24 5 
2 10 24 6 
2 10 24 80 
7 2 24 
6 6 2 
6 6 2 
6 6 2 
6 6 2 
6 6 2 
6 6 2 
6 6 2 
6 6 2 
6 6 2 
6 6 2 
6 6 2 
6 6 2 72 
6 6 2 4, 
6 6 2 5 
6 6 2 6 
6 6 2 80 
48 6 2 
33 17 19 
33 17 19 
33 17 19 
33 17 19 
33 17 19 
33 17 19 
33 17 19 
33 17, 19 
33 17 19 
33 17 19 
33 17 19. 
33 3 17 19 
33 4 17 19 
33 5 17 19 
33 6 17 19 
33 7 17 19 
33 19 35 
6 9 10 2 
6 9 10 2. 
6 9 10 2. 
6 9 10 2. 
6 9 10 2. 
6 9 10 2. 
6 9 10 2, 
6 9 10 2, 
10 2 6 9 
10 2 6 9 
6 9 10 2? 
9 6, 10 2? 
6 9 10 2, 
6 9, 10 2, 
9 6 10 2. 
6 9, 10 2, 
6 9 10 2. 
20817 97741 
20817 97741 
20817 97741 
20817 97741 
20817 97741 
20817 97741 
97741 
97741 
97741 20817 
97741 20817 
97741, 
97741 20817? 
97741 20817 
20817 97741 25000, 
97741 20817 $500000 
20817 97741 25000, 10000 
118558 97741 
3 7 
3 7 
3 7 
3 7 
3 7 
3 7 
3 7 
3 7 
3 7 
3 7. 
3 7 
3 7 14 
3 7 7 
3 7 28 
3 7 56 
3 7 112 
21 7 
6 5 
7 6 
8 9 
5 4 
10 9 
3 2 
6 5 
6 5 
6 5 
6 5 
6 5? 
6 5 12 
6 5 9 
6 5 8 
6 5 10 
6 5 7 
11, 5 
2.99 12 
3.50 10 
4.99 16 
1.99 6 
2.49 12 
4.99 15 
2.99 12 
12 2.99 
2.99 12 
2.99 12 
2.99 12 
2.99 12 3.5 
2.99 12 10 
2.99 12 15 
2.99 12 20 
2.99 12 25 
$0.25 12 
43 12 44 
28 16 26 
37 18 35 
22 8 24 
30 10 28 
17 5 19 
44 43 12 
44 43 12 
43 12 44 
44 43 12 
43 12 44 
43 12 44 
43 12 44 
43 12 44 
43 12 44 
43 12 44 
11 43 12 
25 17 10 
35 23 13 
22 18 12 
20 14 8 
30 15 9 
27 19 14 
10 25 17 
25 17 10 
10 25 17 
25 17 10 
10 25 17 
25 17 10 
25 17 10 
25 17 10 
25 17 10 
25 17 10 
32 25 17 
0.6666666666666666 0.5 
0.6666666666666666 0.5 
0.6666666666666666 0.5 
0.6666666666666666 0.5 
0.6666666666666666 0.5 
0.6666666666666666 0.5 
0.6666666666666666 0.5 
0.6666666666666666 0.5 
0.6666666666666666 0.5 
0.6666666666666666 0.5 
0.6666666666666666 0.5 
0.6666666666666666 0.5 
0.6666666666666666 0.5 
0.6666666666666666 0.5 
0.6666666666666666 0.5 
0.6666666666666666 0.5 
0.16666666666666666 0.5 
4 4 
2 2 
6 6 
3 3 
5 5 
8 8 
4 4 
4 4 
4 4 
4 4 
4 4 
8 4 
8 4 
8 4 
8 4 
8 4 
8 4 
44 55 
$11, $15. 
$56, $68. 
$128, $153. 
$200, $250. 
$80, $100. 
$44 $55. 
$44 $55, 
$55, $44. 
$44 $55. 
$55, $44. 
44 55 12 
44 55 2 
44 55 4 
44 55 8 
44 55 6 
$11, $55? 
5 9 
5 9 
5 9 
5 9 
5 9 
5 9 
9 5 
9 5 
9 5 
5 9 
(9) (5)? 
5 9 5 
5 9 5 
5 9 5 
5 9 5 
5 9 5 
45 5 
3 5 3 
3 5 3 
3 5 3 
3 5 3 
3 5 3 
3 5 3 
3 5 3 
3 5 3 
3 5 3 
3 3 5 
3 5 3 
3 5 3 
3 5 3 
3 5 3 
3 5 3 
24 3 5 
24 3 5 
29 17 
29 17 
17 29 
29 17 
17 29 
29 17 
29 17 
29 17 
17 29 
29 17 
29 17 
12 17 
17 12 
12 17 
12 17 
17 12 
12 17 
9 15 8 
9 15 8 
9 15 8 
9 15 8 
9 15 8 
9 15 8 
9 15 8 
9 15 8 
9 15 8 
9 15 8 
9 15 8 
9 15 $50 8 
9 15 32 8 
9 15 20 8 
9 15 6 8 
9 15 2 8 
3 8 15 
7 2 7 
7 2 7 
7 2 7 
7 2 7 
7 2 7 
7 2 7 
7 2 7 
2 7 7 
7 2 7 
2 7 7 
7 7 2 
7 2 $5. 7 
63 7 2 
7 63 2 
7 63 2 
63 7 2 
63 7 2 
1.20 0.25-pound 1.50 0.25-pound 20 1.30 0.25-pound 
1.20 0.25-pound, 1.50 0.25-pound. 20 1.30 0.25-pound? 
1.20 0.25-pound, 1.50 0.25-pound. 20 1.30 0.25-pound? 
1.20 0.25-pound, 1.50 0.25-pound. 20 1.30 0.25-pound? 
1.20 0.25-pound, 1.50 0.25-pound. 20 1.30 0.25-pound? 
1.20 0.25-pound, 1.50 0.25-pound. 20 1.30 0.25-pound? 
20 1.30 0.25-pound 1.20 0.25-pound 1.50 0.25-pound? 
1.20 0.25-pound, 1.50 0.25-pound. 20 1.30 0.25-pound? 
1.30 0.25-pound, 20 1.20 0.25-pound 1.50 0.25-pound? 
1.20 0.25-pound, 1.50 0.25-pound. 1.30 0.25-pound, 20 
1.20 0.25-pound 1.50 0.25-pound, 20 1.30 0.25-pound? 
1.20 0.25-pound, 1.50 0.25-pound. 100. 20 1.30 0.25-pound? 
1.20 0.25-pound, 1.50 0.25-pound. 200 20 1.30 0.25-pound? 
1.20 0.25-pound, 1.50 0.25-pound. 10 20 1.30 0.25-pound? 
1.20 0.25-pound, 1.50 0.25-pound. 5 20 1.30 0.25-pound? 
1.20 0.25-pound, 1.50 0.25-pound. 10 20 1.30 0.25-pound? 
1.20 0.25-pound, 1.50 0.25-pound. 40 1.30 0.25-pound? 
5 86 
5 86 
5 86 
5 86 
5 86 
5 86 
5 86 
5 86 
5 86 
5 86 
5 86 
5 86 10 
5 86 20 
5 86 15 
5 86 25 
5 86 30 
91 5 
3 7 -11 2 
3 7 -11 2 
3 7 -11 2 
3 7 -11 2 
3 7 -11 2 
3 7 -11 2 
3 7 2 -11. 
3 7 -11 2 
3 7 -11 2 
3 7 2 -11. 
3 7 -11 2 
3 7 -11 2 3. 
3 7 -11 2 7. 
3 7 -11 2 4. 
3 7 -11 2 24. 
3 7 -11 2 365. 
-3 7 -3 -11 2 -3? 
4 9 5 
144 3 
10 46 16 10 
76 72 
8.9 2.3 
34 20 13 
22 20 
7 8 4 
9.5 6.3333 
0.7 0.6 
715 11 
7 3 2 
0.75 0.5 
9 6 
9 3 5 
7 8 2 
0.25 0.25 
39 22 13 
5 2 
87 8 
0.08333333333333333 0.3333333333333333 0.4166666666666667 
3 8 10 
212 280 
2 13 7 
8.2 1.6 
10 2 
10 
10 
10 
10 
10 
10 
10 
10 
10 
10 
10 500 
10 $50,000. 
10 35 
10 
10 10,000 
10 
91 17 
136.01 139.38 112.46 3 6.16 
$136.01 $139.38 $112.46 3 $6.16, 
$136.01 $139.38 $112.46 3 $6.16, 
$136.01 $139.38 $112.46 3 $6.16, 
$136.01 $139.38 $112.46 3 $6.16, 
$136.01 $139.38 $112.46 3 $6.16, 
$136.01 $139.38 $112.46 3 $6.16. 
3 $6.16, $136.01 $139.38 $112.46 
($136.01), ($139.38), ($112.46). 3 $6.16, 
3 $6.16, $136.01 $139.38 $112.46 
$136.01, $139.38, $112.46. 3 $6.16, 
$136.01 $139.38 $112.46 3 $6.16, 100 
$136.01 $139.38 $112.46 3 $6.16, 5 
$136.01 $139.38 $112.46 3 $6.16, 7 
$136.01 $139.38 $112.46 3 $6.16, 15 
3 $6.16, $387.85 $139.38, $112.46. 
$387.85 $139.38 $112.46 3 $6.16, 
34 33 4 
9.00 4 
76.7 129.9 
76.7 129.9 
76.7 129.9 
76.7 129.9 
76.7 129.9 
76.7 129.9 
76.7 129.9 
76.7 129.9 
76.7 129.9 
76.7 129.9 
76.7 129.9 
76.7 129.9 $400,000 
76.7 129.9 4 
76.7 129.9 20th. 
76.7 129.9 132 
76.7 129.9 
69.4% 76.7 
489 2778 
36 37 70 
80 16 
0.5 0.3333 10 
0.5 0.3333 10 
0.5 0.3333 10 
0.5 0.3333 10 
0.5 0.3333 10 
0.5 0.3333 10 
0.5 0.3333 10 
0.5 0.3333 10 
0.5 0.3333 10 
0.5 0.3333 10 
0.5 0.3333 10 
0.5 0.3333 10 100 
0.5 0.3333 10 500 
0.5 0.3333 10 70 
0.5 0.3333 10 500 
0.5 0.3333 10 15 
60 0.5 0.3333 
77.75 9.5 
2 780 190 200 
0.60 7640 4.60 
5 35 
60 45 
136 18 
28 35 
344 136 
2 15 9 
6 54 
5 20 
49 24 39 31 
12 7 5 
7 9 
0.08333333333333333 0.75 0.08333333333333333 
101 47 6 
8 3 
9 5 10 
8 2 
14 8 45 
35 0.75 50 
8 33 
8 23 8 
0.25 0.16 
2 50 500 0.35 500 75 1000 0.45 1000 
0.5 0.1 0.1 
0.5 0.1 0.1 
0.5 0.1 0.1 
0.5 0.1 0.1 
0.5 0.1 0.1 
0.5 0.1 0.1 
0.5 0.1 0.1 
0.5 0.1 0.1 
0.5 0.1 0.1 
0.5 0.1 0.1 
0.5 0.1 0.1 
0.5 0.1 0.1 100,000 
0.5 0.1 0.1 1000 
0.5 0.1 0.1 5 
0.5 0.1 0.1 50 
0.5 0.1 0.1 50 
0.7 0.5 0.1 
8 7 
3 2 
9570 3867 
7 3 5 
79 63 
50 35 
15 9 5 
8 5 45 
21 3 
0.2 0.7 
7 3 4 
145.16 5.84 
56 22 
324 9 
25 5 
19 25 
60 5 
8 2 
0.3333333333333333 0.3333333333333333 0.08333333333333333 
5 2 
5 40 9 
900 156 
36 18 26 
5 30 
9 3 
0.36 0.05 
81 34 
2 1st 20 2nd 30 125 
70 8.58 35.68 
45 11 
9 4 4 
79 9 32 
5 3 
1346 6444 
1250 3 
41 30 
8 62 
5 3 42 
20 100 
1250 5 1500 
980 28 560 
5 4 
29 20 34 
88 5 
12 12 
21.95 0.19 18.95 0.21 
0.2 0.4 
145.16 5.84 
177 500 19 
7.75 7 
9 56 
37 16 19 
37 30 20 
6 10 2 
73 75 89 91 85 
5 250 
16 33 48 
40 6 5 
13.99 12.14 7.43 
11 mp3 7 24 mp3 
21 4 8 
88 8 
16000 0.8 
8 5 
9 2 
217 109 
7 5 
24 12 
3.25 0.25 
96 42 6 
12170 54912 
35 25 17 
0.5 0.125 
7 16 8 
30 5 
79 4 
160 7 210 5 
2.8333333333333335 2.8333333333333335 
0.25 0.25 0.375 
3 2 
0.16666666666666666 0.3333333333333333 0.16666666666666666 
6.51 5.79 12.51 
6 54 
6 2 7 
14 2 
37 30 11 
4 11 7 
0.2 0.4 0.1 
16 6 
8 3 
2 0.25 9 0.40 
46 32 60 
5973 8723 
7341 4221 
72 12 28 
5 3 9 
115 120 20 100 5 160 
33 23 21 
50 45 
4 36 
80 16 
0.75 0.4 28 
4 3 
35 83 
3 3 
27 18 
11 5 8 
75 52 
14 26 5 
96 
5 3 
22 15 
10 1 3 16 
11 12 13 15 
4 44 6 
20.99 25 95.74 
10 3 
34 47 
14 4 36 
1346 6444 
3 8 16 
2 4 -32 
200 39 
2 4 16 
67 38 
540000 2 180 120 
20 3 
85 10 5 
0.375 0.5 
61921 49500 
41 14 31 
7 4 
0.1 0.4 
10 22 
98 8 
712261 259378 
21 8 
123 104 130 
5 2 
2 4 18 
75 20 35 
8 6 2 
56 11 8 
7 6 
0.3333333333333333 0.3333333333333333 0.08333333333333333 
356 112 
1 0.5 0.1 
10 5 
38 20 28 
5 7 0 2.9787 
3 7 
5 25 5.5 
6 8 7 3 
9 27 20 
24 14 
80 4 
185500 15 
8 6 2 34 
0.875 0.75 
2 400 250 1625 
5 6 7 5 
6 3.12 
0.16666666666666666 0.5 
42 12 13 
9 8 
0.3333333333333333 0.3333333333333333 0.16666666666666666 
10 2650 
639 504 
20 12 20 5 8 
6 16 
4 29 24 
479 134 
31 32 95 
10 0.6667 0.25 
7.125 0.625 
3.6666666666666665 2.3333333333333335 
0.16666666666666666 1.1666666666666667 
7 17 8 
3 36 
5 35 8 
8 2 
7 3 
87.25 86.5 93.75 3 90 
760 418 
4 4.80 
15 18 31 
66 15 9 
126 81 
80 10 
9 4 
34 8 
36 35 11 
6000 25 
40 7 
10 0.3333 24 
54.99 35 
4 17 
79 44 5 
24 6 
9 3 2 
0.625 0.5 
20 30 
85 48 
0.5 0.1 
23 7 6 
3 8 10 
15 6 3 
24 3 3.5 5 2.25 
7 7 
3 3 6 
31 11 
30400 24 
6 5 12 
3 13 7 9 
5.00 4.28 
36 9 3 
39 12 49 
10 3 36 
2 6 
810 135 90 810 
35-dollar 8.9 20 
1 8.8 
121 22 
47 5 
47 25 
3 2 
3 2 
12 6 
7 5 4 
12.08 9.85 
39 19 4 
12 12 
50 40 24 
14 5 4 
12 3 4 
22 57 
6 9 
3.75 3 
9 2 
45 32 
76 9 
5 3 
3.00 1.00 
6 33 
26 36 48 
10 217.95 
17 6 
8.77 10.97 20 
24 8 
6 9 
7.666666666666667 3.3333333333333335 
864 128 395 
500 7 2 
3 6 3 
64 32 
24 10 7 
425 275 
40 7 
41 37 2 
7 4 3 
9 6 
403 287 
112 119 105 
0.5 10 0.1667 
90171 16320 
5 4 7 
14 6 17 
16000 0.8 
28 35 
-2 -15 4 -1 
3 3 9 
42 25 
7 13 9 
80 8.50 
33 26 
5 7 5 
5256 2987 
0.125 0.125 0.5 
5 5 3 
9 17 55 
397 12 17 
11.166666666666666 0.8333333333333334 
78 44 
47 25 40 
2 1 0.125 0.125 2 
4 4.45 6.06 
47 37 25 35 
2 4 
104 41 9 
2 5 3 
175.00 10 
3 2 10 
8 3 
4 6 
4 8 3 
75 17 70 
20 21 
31 4 7 
7 3 4 
10 38 
48097 684 
3 7 
10 8 6 
50 20 88 
12 44 8 
7 5 4 8 
1426 2000 
79 9 16 
8 3 3 
34 49 22 
115 100 
0.25 0.4166666666666667 0.25 
11 8 
21 15 6 
8 2 
139 118 131 
28.3 5 
9 
8 4 6 
29 16 20 
60kph 100 100 12 
12 12 
13 9 44 
3 9 10 
7.666666666666667 3.3333333333333335 
0.5 9 
256 32 
2 2 8 
8 9 7 
4 6 4 
40 35 5 4 32 38 36 33 
0.833 -60 
77.75 9.5 
5 6 3 
3 1.1666666666666667 
9 7 
2 0.3333 
29 16 38 
78 32 28 
6 18 3 
100 35 8 2 5000 35 2 
0.1111111111111111 0.1111111111111111 0.6666666666666666 
0.375 0.5 
532 750 
15 7 
17 6 
8 56 
2 23 
37 28 39 
13 17 15 
40 22 
9 4 
4 13 4 
52 15 
292 324 
14 21 
42 21 
6 34 
2 5 8 
3 2 7 
93 21 8 
81000 7000 16000 
24 3 
8 45 
36 7 
45 16 9 
76 5 
8 6 13 
45 225 450 
55 36 
303 28 
9 4 4 
6 2 6 
30 442 
24 
48 4 
4 9 7 
46 27 39 
113 118 129 
31 9 38 
0.3333333333333333 0.3333333333333333 0.2222222222222222 
14 7 5 
6 7 3 
9 6 6 
16 8 
10.2 8.6 
54 9 
8 19 3 
6 54 
14.02 9.46 12.04 
809 3263 
36 12 
5 455 
25 2 10 5 
61 26 7 
5 3 34 
5 15 8 
56 8 
30 10 
55 29 
8 2 
10 6 37 
50 5 5 
4.4 2.86 
4 4 6 
25 247 
40 10 8 
0.125 0.125 0.5 
14 10 85 
50 20 
69 26935 
3.42 2.2 
2 4 8.7 2 
79 63 
86 37 7 
4 30 8 
9 8 5 
18 47 
1400 290 
4 80 200 
13 5 7 
122 105 
6 34 
30 36 10 
0.75 0.5 
2436 3 
0.32 0.21 
3 14 
3.8333333333333335 0.16666666666666666 
18 3 5 
55 8 
1450 1127 3 h8 
53 16 
0.2 0.4 
0.3 0.1 0.4 
270 70 20 6 
6 2 
10.22 11.73 
0.4 0.1 
11 24 
9 4 
9 12 7 
6 7 
20 14 
16 28 25 
5 2 6 
12 4 4 
9 6 2 
93 6 
143 11 
7 4 9 
2.00 6 
43 19 16 
72 61 
2.6666666666666665 2.6666666666666665 
3 7 4 
9 7 5 
9 5 3 7 
2479 6085 
0.75 0.25 
6 15 4 
3 6 3 
4 6 3 
34 7 3 
139 113 
6 4 
19 6 27 
0.25 0.25 
12 8 19 
6 7 47 
2 39 5 2 
0.625 0.25 
83 47 4 
18 11 24 
4 6 4 
3 2 
8 4 
1980 2005 66.13 5.15 1980 
9 29 
2 12 
22 47 
14 6 
37 17 
3 4 
2 57.98 2 13 45.98 2 18 2 
2 14 7 
127 88 
52 40 2 
10 4 42 
56 105 
3 10 
9 6 3 
144 3 
256 32 
2 3 
0.41 0.33 
0.6 0.4 
2 2.75 125 1.50 140 2 
98 93 
26 15 16 
36 12 
2.75 52.25 
47 45 
140 14 
0.5 0.16666666666666666 
88 18 6 
35 19 8 
5 3 
2088 8 9 
3 3 9 
70 19 
18 6 4 
0.6666666666666666 0.5 
0.5 0.9 
9 4 
10 3 
0.2 0.1 
45 9 19 
9 7 3 
3 4 5 2 1 3 3 
375 7 4 
4938 805 
6.95 7.90 7.73 4 
83 6 
6 5 5 
7 5 
9 27 20 
2 11 22 3 
11.76 14.54 
35 83 
5 12 7 216 
7 3 8 
54 15 25 
0.75 15 
2.70 2.55 20 40 
0.36 0.05 
20 5 
695 6 133 
24 42 13 34 
2 12 
72 
6359 3485 
3 5 13 
33 44 
56 35 3 
0.16666666666666666 0.6666666666666666 
43 16 24 
8 2 6 
46 25 
0.875 0.75 
5.20 4.23 
3 5 
109 2 11 13 
4 6 5 
323 175 
6 3 
65 17 8 
41 11 6 
61921 49500 
2 6 
390 30 
81 41 8 
142 78 
9306 99 
3 5 40 
3 11 16 
14.88 4.88 5.86 14.55 
20 11 3 
0.16666666666666666 0.16666666666666666 0.5 
75 3 
2 9 
2 6 4 
20 26 20 6 58 
873 563 
2 13 4 
39 19 5 
3 8 
11 3 
28 4 36 
34 4 
88 70 
30 7 35 
54 33 7 
5 4 19 
2 41 
10 25 5 
58 10 8 
8 22 2 
2647 8582 
600 327 
3 15 7 
31 5 11 
102 21 9 
47 25 
2 9 
5 7 
4 3 6 
24 6 
3.8333333333333335 0.16666666666666666 
22 20 
5 3 9 
9437 6922 
33 4 32 
3 7 7 
6 3 8 
47 27 4 
42 25 30 
47 6 42 
1 0.2 0.4 
47 23 46 
6 52 43 
1 8.8 
99 7 
8 mp3 5 30 mp3 
9 4 3 
2 99 
0.16666666666666666 0.16666666666666666 0.3333333333333333 
0.6667 0.5 
219 229 
8 3 5 
9 6 
5 3 5 
38 4 15 
21 3 
7 4 
5.20 4.23 
27 15 33 49 
15 6 7 
134 187 
4 122 4 
58 37 
35 56 
5.00 4.28 
5 14 5 
0.25 0.375 0.125 
0.5 8 
3840 48 
11 4 
16 40 33 
39 25 
3 9 3 
256 8 
10.62 2 1.59 13.95 
13.99 12.14 7.43 
2 41 
9 12 3 
13 55 
813 125 
33 31 26 
5 5 
0.7 0.6 
0.25 0.375 
8 2 6 
40 22 
49 8 38 
0.25 0.375 0.125 
18 24 
7 4 13 
30 51 9 
33 44 27 
2 5 9 
3 7 31 24 
7 5 
44 52 
4 12 
30 4 
0.6666666666666666 0.3333333333333333 
880 8 
6 13 
8 11 2 
34 3 48 
1 49.95 2500 0.25 112.45 2500 
40 8 
51 6 
39 61 
0.16666666666666666 0.6666666666666666 
40 117 
35630 11.50 20.25 
74 86 
9 3 
130.30 11.24 12.32 
0.16666666666666666 0.3333333333333333 0.16666666666666666 
72 17 9 
81 88 90 86 4 87 
7 3 
760 418 
11 43 
13580 8 
3.75 3 
3 76 
33 19 13 
1416 4636 
22 55 
13 12 
25 21 30 
218 1487 
4 5 370 30 
41 64 
816 1339 
15 12 
12590 20 
16 8 4 4 
57 49 4 
9 6 2 
6 4 3 
9 
33 23 21 
4 3 5 
6 71 
24.95 0.49 5 200.00 
3 
80 8 
10 27.90 
5 82 85 78 88 100 4 85 
5.00 5 
49 48 13 
45 
5000.00 5.00 10.00 
41.95 0.29 38.95 0.31 
10 5.1 
6 7 3 
18 4 
35 50 84 
19 5 10 
35 5 5 
8 7 3 
115 12 
22 40 13 
183 593 
49 
5 6 19 
28 25 8 
19.833333333333332 9.166666666666666 
8 85 
5 28 
4 42 
679 110 172 
7 3 9 
9 4 3 
9 12 8 
11 4 8 
190 4 500 
6 
43 27 
20 350 
10 22 
26 3 
5 8 6 
0.8333333333333334 0.5 
3 1.1666666666666667 
8 89 
20 21 
4.1 2.4 
40 23 29 
46 4 
2 2 3 
12 15 
22 7 
300000 8 1-year 
14 5 6 
6 15 5 
0.6 0.5 0.75 
9 72 
5 6 19 
8 2 
4 5 9 
0.5 0.16666666666666666 
679 998 
75 45 6 
15 20 20 85 
223 388 
18 41 
5 6 3 
2479 6085 
9 2 
2 9 
5 12 7 
29 17 12 
6 
0.625 0.25 
26 17 
14 13 49 
95 42 
33 9 6 
16 0.4698 0.3740 17 
0.3333333333333333 0.3333333333333333 0.08333333333333333 
29 42 
7 2 
14 3 -10 
6 378 
16 14 5 
0.375 0.5 
24 37 61 
303 28 
8 7 6 
10 2 
8 17 8 
3 6.8 
4 100 7 6 
36 3 1 2 1 4 
6 8 2 
23 32 44 
0.81 0.35 
8 
46 10 4 
223 95 
67 9 
69 15 54 
6 500 
124 3 
16 14 5 
33 44 
63 3 
17 10 9 
5 0.6667 5 0.25 
9 5 2 
5 46 
125 64 
45 5 35 
45 35 2 
10 22 4 
2 5 
0.6667 0.8 
32 42 35 
89 5 
66 49 52 
75 14 62 
156 187 
67 52 
49 25 6 
3 6 
12 2 
13 8 6 
13 38 
33 11 23 
2 6 3.12 
81 9 
0.3333333333333333 0.3333333333333333 0.08333333333333333 
74 86 
9.8 5.2 
760 2000 1800 
64 14 
41.95 29 38.95 31 
22 13 
0.25 0.16 
6 23 25 
200 10 1 
3103 5816 
1986 5106 
7 7 2 
0.75 5.00 
179 38 
26 20 20 
76 46 5 
9 
43 23 
192 
300 
107 104 
19 39 25 
21 17 
9 18 
9 49 
40 28 4 
76 59 
48 14 35 
95 9 6 
15 79 
39 9 24 
10 39 13 
65 4 
7 3 2 
53 7 19 
57 39 2 
3 3 33 
79 23 7 
0.6 0.2 
38 25 45 
3 6.8 
63.36 15 
9 20 16 
6 9 11 
9 1 
0.9 0.7 
212 68 
6 3 
41 28 15 
14 29 
64535 522 
47 7 5 
20 11 7 
0.6 0.2 
37 8 
712261 259378 
8 5 4 
1 0.5 0.9 
8 11 5 
24 14 2 3 
3.6666666666666665 2.3333333333333335 
180 60 
1.89 0.28 
10 4 26 
60 35 
16 48 30 
6 9 
2 18 
5 11 7 
40 82.60 
4 7 9 
4 2 8 
110 102 
18 47 
9 7 
14 30 29 
14 29 
615 15 
0.25 0.375 
2 4 3 
19 14 36 
6 3 
48097 684 
9 5 2 
4 10 9 
261 23 
5 50 
7 
17 14 24 
7 8 
0.7 0.2 
544 32 
80 10 
11 7 2 
9 11 8 
41 29 4 
3 5 4 34 
10 7 
25 7 
7 3 9 
H1 107272 8 
9 3 
8 2 
18.4 10976.31 
58 16 
31 14 
7 16 8 
37 8 
41 26 12 
3 60 9 
12 4 
7 74 
50 27 74 
7 3 2 
0.7 0.2 
29 20 34 
10 24 33 
2 11 6 4 
72 9 
3409 145 
2 26 
32 22 31 
107 104 
200 80 75 
20 80 
14797 4969 
0.41 0.33 
25 22 15 
8 50 9 
82 37 5 
10 6 5 
15 12 
1 0.3 0.2 
7422 723 
3 24 3 
9 6 
5 5 4 
58 24 
6 2 9 
72 32 5 
48 6 
19 45 56 
35 18 
37 5 16 
4 4 
30 49 46 58 
3 300.00 450.00 200.00 3 
5 2 11 
11 mp3 9 8 mp3 
6 5 
4 6 
50 8 38 
344 136 
13 17 15 
4000 0.25 6.1 
48 19 38 
6 4 
7 5 15 
0.25 2d 0.5 4d 2d 4d 
28 7 
67 90 
4 14 2 
3 7 2 4 
13 55 
39 14 
5 58 7 
8 43 42 
49952 918 
29 14 11 
37 10 30 
0.3333 3 4 44000 
1 2.3333333333333335 
2.6666666666666665 2.6666666666666665 
25 8 
5 3 
25 5 
11 17 16 
0.16666666666666666 0.4166666666666667 0.08333333333333333 
22 55 
15 mp3 8 50 mp3 
15 5 
85 40 5 
1 600 150 
37 28 39 
7 4 
31 13 
12 6 
1.54 3 
13 7 2 
100 783 271 
4 39 
0.75 w8 0.75 
14.02 9.46 12.04 
7 3 4 
90 
1.25 5.25 
16 8 4 
30 9 18 
8 8 2 
0.3333333333333333 0.3333333333333333 0.2222222222222222 
450 315 
6 8 
4 17 
31 7 1.5 
21 8 23 
41 29 15 
4 3 
3 0.5833 0.1667 
4 17 9 
162 
4 2 6 
20 2 
4 3 3 
3 4 9 
57.009 61.3 
3 9 
11 5 10 
4 2 
7 16 6 
55 11 35 
15 48 12 
2 52 58 385 
3 14 
25 15 2 
51 11 8 
0.1111111111111111 0.1111111111111111 0.6666666666666666 
9 4 2 
0.3333333333333333 0.3333333333333333 0.16666666666666666 
48 4 
0.125 0.125 
4 5 29 
45 11 
24 134.20 
6 9 
7 4 
0.7 0.4 
43 8 39 
10 6 9 
3 53 
46 25 
65899 119 
110 102 
0.20 4 6 
9 
77 9 75 
20 4 
4 4.80 
30 16 
9.05 4.95 6.52 
7 4 3 
81 4 
800 30 500 35 2 
1800 1600 4 2 
8 8 
5 35 8 
2 4 
49952 918 
5 5 3 
31 22 
17 7 80 
47 17 5 
6 4 3 
7 7 
52 28 4 
2 2.73 4.01 8.95 
36 85 
4 5 
2 41 
7 3 
9 12 3 
3.42 2.2 
42 17 
9 4 4 
5 30 26 
11 22 19 
6 4 18 
13 
14507 213 
8 6 
0.25 0.5 0.125 3 
12.50 8 
17 14 24 
5 4 
8 2 
9 4 
149.16 9.98 4.14 8.65 
45 23 32 31 
6310 4518 
59 32 9 
0.2 0.1 0.2 
34 37 
7 42 
9 81 
12 54 
2 1 0.6 
25 73 
676 224 
3 6 9 
121 22 
6 5 
103 8 47 
8 3 
395 791 
36 12 
13 4 80 
41 33 2 
9.05 4.95 6.52 
1134 1475 3 
12 84 
15 3 
34 49 
20 8 3 
5 2.00 7.50 
4900 
3 3 3 
8 39 33 
33 18 14 
78 30 8 
4100 10 15 
20 5 
7 11 
12 5 
3 1 2 
1.125 2.125 
5 2 9 
8 
1.125 2.125 
4 32 
4 5 9 
177 500 19 
0.4 848 
67 33 
2 3 6 
0.2 0.4 0.1 
7 11 8 
3.3333 
0.3 0.4 
2 9 
3 5 4 
90 270 
7 5 
21 8 
3884 2871 
45 9 
9 7 
44 52 
8 478 
252 4 
49 25 
4 7 
1.60 70 2.10 1.70 
15 43 29 
49 44 
3 12 7 
12 16 
175 50 
14507 213 
183 593 
157 86 
6 3 9 
63 50 
0.3 0.4 
35 7 
30 10 
150 15 
48 11 21 
0.20 4 6 
120 39 9 
11 3 14 
12 6 4 
6 3 5 
143 11 
73 70 
2 20 13 17 2 
50 12 
7 9 
50 60 
5 2 
6 3 5 
10 4.20 90 5.60 
44 12 8 
42 7 
39 21 3 
143 11 
11 6 42 
82 3 
27 35 
12 4 
9 15 
11 17 16 
4 6 
23 7 21 
39 41 20 
6 6 10 
7 47 
5 35 8 
8 2 2 
5 12 3 
15 3 
10 24 33 
1.08 4.80 20 
7 12 4 6 13 
43 19 16 
13.04 12.27 2 
7 4 
0.75 0.25 
4 2 
44 44 20 
27 9 6 
0.625 0.25 
5 7 2 
86 36 
4 2 
8 7 9 2 
0.25 2d 0.5 4d 2d 4d 
5.00 4 
4 2 6 
96 3 
2.50 0.75 
7 4 4 
2 9.91 4.11 
2 4 3 
12 12 
2 4 
39 38 64 
4 8 4 
25 5 
14 41 38 
12 8 2 
58 2 
21 49 
39 41 20 
0.4 0.2 
13 2 84 
4 9 3 
8 3 
3 2 
18 75 2337 
15 11 
4 5 8 
0.14 0.38 
84 8 
9.14 6.81 20 
82 9 
0.125 0.5 
9 13 41 
100 2 75 2 4 
23 10 47 
0.32 0.21 
9 19 8 
1426 2000 
60 560 640 
10 38 
14 8 3 
34 47 
2 27 5 
5 3 
0.6 0.4 
70 27 
2 4 5 
20 14 19 
48 30 39 45 
4 3 9 1 
8.75 6 
3 2 5 
5 33 2 
648 4 
8 2 
4 8 
2 11.166666666666666 0.8333333333333334 
0.6 0.4 
2 7 1 1 
8 4 4 
5 3 4 
14240 8 
4 6 
0.6667 0.75 1.6667 
9 2 2 
64 14 
10 2 
36 7 
10.2 8.6 
5 2 
12 3 
4 5 10 
71 43 7 
10 2 
2 6 5 
69 51 
40 25 21 
0.2 0.4 
35 7 4 
15 2.5 
10 5 
37 17 
78 19 
46 276 
14 7 6 
26 36 48 
0.75 2 8 
0.6667 8.00 0.75 
28 54 
122 105 
5 7 18 
8 4 2 
62 8 9 
45 225 450 
12170 54912 
0.8333333333333334 0.5 
35 21 34 
15 14.82 12.51 3 
15 41 39 
3 7 8 
59 9 
2 2 
50 2 55 
5.36 5.10 
11 34 14 
3 37 8 
42.00 33.60 
261 23 
11.08 14.33 9.31 
8 1785 
6 8 
14 2 
18 49 
14 22 
0.4 0.2 
20 5 20 10 20 15 3 20 
709 221 
5 250 
2 2 8 
4 5 
43 19 14 
1 56430.00 8.25 21.75 
88 4 
4 3 10 
18 4 
2 12 23.36 
11 4 26 
29 16 20 
5 18 10 90 75 75 
30 23 76 
82 10 9 
43 27 
46 47 12 
7 9 3 5 
190 0.04 500 
344 43 
26 27 27 
74 59 
7 3 3 
7 5 3 
66 8 10 
5.36 5.10 
45 5 
4 36 
563 147 
0.6 0.4 
15 49 19 
101 47 6 
9 
70 27 
8 2 7 
315 4 25 
2 1 8 
21 38 18 
4 10 7 
31 5 9 
0.75 0.5 
36 6 
542 387 
2 8 
8 25 23 
18 8 26 40 
2 7 4 
5 2 
1500 3 20 
2041 63093 
5.60 22.5 42.25 
5 7 6 
4.1 2.4 
5 3 7 2 
1 
6 4 9 
91 8 
5.91 8.11 
38 44 
2 2 6 
33 26 
86 9 
17 55 8 
6 16 
23 45 
7 8 4 
45 9 
5 4 
6 4 
16 14 23 10 
3 8 6 
11 19 7 8 
145.80 6 7 
2 9 2 
17 32 10 
6 8 6 18 
18 9 42 
31 19 
2 10 
12 8 
2 5 17 
3.75 3 7 
9 3 
12 6 6 
14 31 5 
7 13 5 
6 5 5 
2315 1028 
10 8 
42 78 
48 6 6 
3 6 15 
0.6 0.2 
9 7 10 5 
30 mp3 8 10 mp3 
3 6 9 
6 11 
86 41 
14 6 
15 5 
30 45 70 60 
3 2.5 
6048 193 
10 10 
47 48 24 
14797 4969 
40 37 7 
17 10 35 
9 3 
42 17 
3 2 2 
5 7 4 5 
0.5 0.125 
8 12 
4 3 
45 8 
9 18 3 
12.32 3 11.54 
9 3 
3 5 
4 2 47 
34 mp3 14 44 mp3 
5 25 5 
58 37 
15 13 8 21 
6 4 36 
12 7 6 
58 21 
6 8 
3 7 5 
1576 344 
27 3 
9 6 3 
31 25 25 
0.16666666666666666 1.1666666666666667 
1222 513 
10 2 2 
27 18 
53 7 18 
6 50 
12 10 15 
93 15 
110 22 
18 2 
2 5 9 
13.00 7.50 1.25 15 
8100 1 15 
9 2 
2 4.95 7 10 2 
92 2 
4 9 
12 12 
13 8 16 6 
25 5 
68 32 6 
87 13 
5 4 3 
6 5 9 2 
96 8 
600 327 
11 2 32 
23 18 28 
10.22 11.73 
50 15 21 
56 24 4 
5 150 
40 44 65 
54 22 
7 2 
36 32 35 18 
23 20 6 
2 18 
0.16666666666666666 0.16666666666666666 0.3333333333333333 
5 17 8 
47 87 
4 8.7 
129 140 
33 18 
2 5 3 
25 10 5 
1.3333 4.82 
8 180 24 
43 22 54 
142 31 
6 8 
18 41 
72 5 
7 5 
79 5 
8 5 8 
0.4 0.1 
4 3 
14 
65899 119 
118.54 106.33 3 4.58 
4 4 
50.00 8 
22 12 15 10 
5155 45 
4 6 
46 9 40 
4 14 
12.50 12 
3 5 4 
73 96 
4 246 
25 32 12 
1.80 20 2.60 2.12 
41 30 
13 5 6 
231 312 
4.4 2.86 
24 12 14 
64 86 
3 2 
8 
52 2 
62 52 
19.833333333333332 9.166666666666666 
6 9 
9 5 2 
4 2 2 3 4 
28 11 9 
10.62 2 1.59 13.95 
2 3 
15 6 8 
14.28 4.74 
9 2 5 
5 5 
4 8 4 10 
3 3 3 
68 13 9 
2 3 
127 88 
5 12 
8 4 9 
42 22 39 
50 7 
43 14 27 
1986 5106 
42 7 9 
39 23 2 
16 7 8 
86 30 8 
8 3 3 
9 21 29 
34 8 
35 50 84 
5 2 
6 5 62 
30 10 5 
58 2 
38 16 32 
30 18 75 
2 4 
20 20 
46 47 12 
135 25 
2 0.125 0.2 
7 12 3 
16 7 5 
7 3 
0.3333333333333333 0.3333333333333333 
3884 2871 
9 8 7 3 
53 64 
8.2 1.6 
8 2 4 
41 28 15 
8 4 4 
19 39 25 
9.91 4.11 
30 3.03 3.74 3.74 3.28 
44 53 
9 14 2 
2 3 4 
0.08333333333333333 0.08333333333333333 0.6666666666666666 
2 6.40 7.28 7.28 9 6.40 6.95 
210 58 
14 2 
0.8 0.2 
9 8 
14 
38 47 71 
23 46 86 
2 50 64 285 
11 45 7 
25 5 
9 40 14 
24 3 2 
0.75 0.5 
39 49 81 
64 28 4 
49 7 
3 5 
5 80 
30 9 28 
6 42 
3 5 8 
6 2 9 
24 6 
45 0.5 
5 2 
2 8 7 
47 13 
9.8 5.2 
5 4 38 
6 5 
6522 5165 
27 41 20 
0.2 0.1 0.2 
21 12 3 
18 8 2 
65 17 6 
18 
8 4 
27 42 11 
4 8 2 
35 56 
9792 3513 
13 14 
40 41 
4 20 16 
7 5 8 
8 8 4 
13 4 9 
69 26935 
38 14 8 
14 8 8 
9 3 15 
7 56 
12 31 
1 0.6667 0.75 
12 36 75 
45 3 5 
10 5.1 
0.2 0.4 
0.625 0.25 
6 13 6 
4 16 8 
36 12 
17 14 
84 139 
0.16666666666666666 0.3333333333333333 
5 2 5 
23 5 12 
35 27 28 
10 80 
24 12 
9 3 
4 5 3 
24 13 5 
0.08333333333333333 0.3333333333333333 0.4166666666666667 
7 5 8 
7 4 
3 8 2 
6 5 4 
1.25 5.25 
74 35 18 3 
0.25 42 
4 6 2 
96 
6 3 
219 3 
92 40 
25 20 75 279 
40 41 
64535 522 
41 38 
4 52 7 
13 30 10 
64 78 
11 18 10 
7 2 46 
8 4 
5 4 
20 4 
6 189 
48 38 5 
5.71 6.59 
57 95 
124 3 
63 
0.6666666666666666 0.3333333333333333 
55 6 7 
7.125 0.625 
0.3 0.2 
45 315 
6 30 
0.176 
120 90 1 
15 
0.2 0.4 
38 2 124 
212 280 
97 8 15 
17 15 8 
36 85 
34 60 
0.375 0.25 
9 7 5 
1215 1112 
9 14 8 
9 81 
9 7 3 
77 2 
0.16666666666666666 0.16666666666666666 0.08333333333333333 
37 19 
6 3 
540 20 
792 122 233 
36 9 4 
8 2 8 
9 5 8 
0.08333333333333333 0.75 0.08333333333333333 
87 9 8 
67 33 
0.3333333333333333 0.3333333333333333 
7 8 4 
3 3 7 
96 4 9 
45 20 46 
2080 17 
-7 1.477 
6 6 2 
16 33 48 
10 36 2 
43 23 
11.08 14.33 9.31 
91 24 6 11 
5 25 12.02 
4 7 55 
1110 30 
86 20 25 
7.19 6.83 20 
5 20 
14 2 3 
5 2 
30 16 
5 28 
80 40 
48 45 42 
720 30 10 
5 3 
49 39 
7066 48 6649 1963 48 1963 
720 30-mile 10 
5 43 2 
0.2 0.1 
3 2 3 
2 3 
8 64 
108 36 9 
7 2 6 
0.16666666666666666 0.5 
12 3 
5 5 5 
33 18 
39 22 
2 5 5 4 
4 9 3 
6689 660 
18 9 
98 93 
0.125 0.5 
7 27 
7 4 8 
13 7 6 
58 19 
17 2 23 
12 44 8 
3 37 8 
13.60 5.06 2 
0.16666666666666666 0.3333333333333333 1 
1800000 0.75 
4 50 4 
4 3 42 
27 45 
2 -8 -12 
8 5 5 
57 27 6 
29 11 35 
4500 5 3600 
0.625 0.5 
34 28 
39 47 20 
96 45 
9 4 
6 54 
9 3 
29 7 
3.25 0.25 
13 2 3 
5 13 9 
27 41 20 
63 55 
14 6 
8 15 7 
62 33 
60 20 5 
38 10 
8 5 19 
2 17 7 
9 29 52 
120 48 9 
49 25 
40 28 
6 
9 10 5 
600 8917 
1 25 7 
91 88 
2 1 
0.625 0.25 
9792 3513 
12.08 9.85 
25 11 
7 934 
220 510 0.6667 
25 73 
40 14 26 
2315 1028 
20817 97741 
9 11 3 
26 6 
4 3 
73 96 
13 20 
17 8 
0.16666666666666666 0.4166666666666667 0.08333333333333333 
32 25 7 
5 2.50 65 
6 9 11 
8.60 40 12.90 55.5 
32 38 23 
36 6 
0.5 0.75 9 
5.91 8.11 
3 5 4 
10 7 
17 4 8 
22 11 
6 3 6 
2000 
5.92 2 6.79 20 
3 2 16 
1 2.3333333333333335 
63 9 
51 23 
6 2 
16 7 
7 6 4 8 
7 3 6 4 
48 11 15 
51 23 
23 6 
12 7 
10 7 8 
20 2 6 1 
0.75 0.25 
10 2 8th 
14.28 4.74 
5256 2987 
600 0.75 800 
24 40 1.5 40 1140 
2 5 4 
648 4 
20.25 0.14 18.25 0.22 
38 44 
1.54 3 
22 2 4 
23 45 
12 20 20 
20 11 27 7 
10 8 8 
9 6 2 
8 7 2 
0.25 0.4166666666666667 0.25 
4 2 
27 6 7 
26 46 9 
552 15 
50 5 
4 21 23 
217 109 
7 7 
3 6 9 
24 
4 10 2 
20 50 
6 3 2 
7 2 4 
85 48 
36 31 20 
2 25 
6 4 
17 6 16 
616 147 
7 23 5 
1 12 10 
2 1 0.8 0.1 
2 9 
3 9 21 37 
36 3 48 
5 2 11 8 
35 65 
MP3 40 2.40 
323 17 
142.46 8.89 7 
18 44 
676 224 
5 4 
4 10 2 
223 95 
28 27 
46 4 
17 48 25 49 
6 3 
4 40 3 
10 3 9 
32 12 13 
37 19 
3 3 4 
1986 1125 1987 4 1986 1987 
5 2 28 
2 22 0.13 8 0.18 2 
33 27 3 
3 11 3 
35 7 
4.9 2001 0.275 2001 2.5 0.7 2 
4 9 
8.75 6 
31 15 24 
140 7 
16 25 21 
11 5 5 
1 15 3 
5 2 
45 5 
52 7 1 18 
6359 3485 
4 5 6 3 
6 mp3 3 20 mp3 
34 86 
40 50 4 
95 3 
41 31 32 
44 7 
960 30 
73 55 
4 
30 16 38 
2 34 4 
40 18 10 
2 12 23.36 
2010 1800000 0.75 2010 
87 7 
7 3 
304 276 
0.25 0.25 0.375 
3409 145 
212 68 
42 25 24 
97 17 97 
120 10 
4 79 
13 7 4 
6 12 13 
0.5 0.1 0.1 
48 8 
3 2 
30 16 26.48 
18 3 
6 500 
105 698 
0.4 0.3 
54 23 
142.46 8.89 7 
51 36 
24 12 
2 2 2 
4-hour 3 2.5 3 
3 0.5 4 
8 0.5 12 
8 7 6 
87 13 
96 
16 8 7 
6 4 2 
0.2 0.7 
57.99 48 58.95 46 
8 14 5 
5.71 6.59 
0.3 0.1 0.4 
12 84 
4 11 11 
120 10 
20 21.00 
3 4 
7 2 14 
h8 41.5 38.5 
37 13 25 
40 26 2 
6 11 6 
2.8333333333333335 2.8333333333333335 
45 27 9 
1.30 
53 64 
3 1.45 3.70 
6 7 
37 21 2 
9.24 8.25 20 
30 26 
5 7 18 
37 53 
139 113 
2 1 
69 
17 55 8 
4 
7 4 
11 6 9 
2 9 4 6 
56 22 
4 87 
48 40 29 
21 49 
0.5 2 0.25 
212.3 372.0 
68 47 7 
4 2 6 
20 2 
200 10 1 
29 0.08 46.12 1-day 
3 5 3 
43 12 44 
9 4 8 
4 34 
7 9 4 
100 4 
32 12 5 
0.1 0.4 
700 100 
4 3 
48 8 
489 2778 
6 7 
4 30 48 
30 8 
34 17 7 
0.4 0.3 
5 2 9 
10 
6 18 6 
19 4 46 
34 7 36 
8 4 
6 5 2 
4 9 7 2 
3 6 2 
15 4 
32 37 16 
4 9 72 
9.46 9.56 14.50 
80 31 7 
28 54 
10 17 27 19 
47 41 20 
41 22 9 
8 13 2 18 
5973 8723 
37 45 51 
15 5 
27 45 
6 18 6 
0.8 0.2 
40 20 4 
0.9 0.7 
8 3 
18 25 
29 25 29 
6 3 5 
2 5 27 
4 60 
0.08333333333333333 0.08333333333333333 0.6666666666666666 
0.14 0.38 
0.375 0.25 
3 12 
380 57 
42 10 8 
18 63 
26 19 9 
14 6 
33 87 75 
32 26 98 
709 221 
5 2 26 
36 6 9 
2 4 5 
35 18 
12 4 8 
10 2 4 
75 19 8 
14 3 39 
60 40 5 
6 48 7 
33 6 23 
22 14 4 
5 2 8 
3 2 
28 4 4 
13 5 10 
5 11 2 
204 10 255 
42 38 47 
12 3 
160 350 450 
224 8 
78 46 
9 2 6 
6 71 
0.1667 245 
2 7341 4221 
39 3 
54 22 
325 275 2100 
35 10 10 
15 2.5 
5 35 
8 45 
